0
0
-1
-5
-9
9
64
165
287
403
478
503
478
407
295
155
-1
-157
-298
-409
-480
-505
-480
-409
-297
-157
-1
155
296
407
478
503
478
407
295
155
-1
-157
-298
-409
-480
-505
-480
-409
-297
-157
-1
155
296
407
478
503
478
407
295
155
-1
-157
-297
-409
-480
-505
-480
-409
-297
-157
-1
155
296
407
478
503
478
407
295
155
-1
-157
-298
-409
-480
-505
-480
-409
-297
-157
-1
155
296
407
478
503
478
407
295
155
-1
-157
-297
-409
-480
-505
-480
-409
-297
-157
-1
155
295
407
478
503
478
407
295
155
-1
-157
-297
-409
-480
-505
-480
-409
-297
-157
-1
155
295
407
478
503
478
407
295
155
-1
-157
-297
-409
-480
-505
-480
-409
-297
-157
-1
155
296
407
478
503
478
407
295
155
-1
-157
-297
-409
-480
-505
-480
-409
-297
-157
-1
155
295
407
478
503
478
407
295
155
-1
-157
-297
-409
-480
-505
-480
-409
-297
-157
-1
155
295
407
478
503
478
407
295
155
-1
-157
-297
-409
-480
-480
-480
-480
-480
-480
-480
-480
-480
-480
-480
