0
-1
-5
-9
9
64
165
287
403
478
504
479
407
296
155
-1
-156
-297
-408
-480
-505
-480
-408
-297
-156
-1
155
296
407
479
504
479
407
296
155
0
-156
-297
-408
-480
-505
-480
-408
-297
-156
-1
155
296
407
479
504
479
407
296
155
-1
-156
-297
-408
-480
-505
-480
-408
-297
-156
0
155
296
407
479
504
479
407
296
155
0
-156
-297
-408
-480
-505
-480
-408
-297
-156
0
155
296
407
479
504
479
407
296
155
-1
-156
-297
-408
-480
-505
-480
-408
-297
-156
-1
155
296
407
479
504
479
407
296
155
0
-156
-297
-408
-480
-505
-480
-408
-297
-156
0
155
296
407
479
504
479
407
296
155
-1
-156
-297
-408
-480
-505
-480
-408
-297
-156
-1
155
296
407
479
504
479
407
296
155
0
-156
-297
-408
-480
-505
-480
-408
-297
-156
0
155
296
407
479
504
479
407
296
155
-1
-156
-297
-408
-480
-505
-480
-408
-297
-156
0
155
296
407
479
504
479
407
296
155
-1
-156
-297
-408
-480
-505
