0
0
0
0
0
0
0
0
0
-1
-5
-8
24
95
115
21
-147
-297
-409
-480
-505
-480
-409
-297
-157
-1
155
296
407
478
503
478
407
295
155
-1
-157
-298
-409
-480
-505
-480
-409
-297
-157
-1
155
296
407
478
503
478
407
295
155
-1
-157
-297
-409
-480
-505
-480
-409
-297
-157
-1
155
296
407
478
503
478
407
295
155
-1
-157
-298
-409
-480
-505
-480
-409
-297
-157
-1
155
296
407
478
503
478
407
295
155
-1
-157
-297
-409
-480
-505
-480
-409
-297
-157
-1
155
295
407
478
503
478
407
295
155
-1
-157
-297
-409
-480
-505
-480
-409
-297
-157
-1
155
295
407
478
503
478
